5.69238123e-01 9.61065284e-01 4.35818940e-01 5.44254631e-01 4.18684074e-01 4.79694116e-01 9.38134953e-01 4.30023959e-01 7.75905025e-01 3.82636078e-01 4.63531365e-01 6.67071683e-01 9.57269230e-01 3.09138940e-02 1.81309610e-01 4.73517464e-01 5.11642029e-02 1.09176699e-01 7.17497063e-01 2.32865803e-01
2.32131234e-01 4.69176774e-01 8.29565164e-01 6.24957873e-01 6.48164315e-01 2.60790996e-02 7.07909693e-01 1.44528436e-01 7.87346848e-01 4.32411176e-01 9.70131044e-01 4.11161606e-01 5.99488255e-01 1.19814996e-01 1.27943029e-01 2.59200486e-01 3.05255174e-01 6.24528266e-02 7.65009150e-02 1.57590327e-01
9.54643472e-01 1.28896512e-01 2.97224874e-01 3.72003348e-01 5.33724975e-01 9.14247575e-01 8.08693017e-01 9.37495834e-01 6.21085336e-01 8.41234110e-01 5.79996087e-01 6.13099805e-01 8.09681426e-01 9.80965270e-01 5.03804835e-01 5.16396208e-01 3.34688802e-01 8.88126978e-01 6.21360075e-01 3.62657726e-01
7.78702919e-01 8.47046377e-01 2.96822698e-01 4.27089034e-01 1.38174353e-01 3.33848150e-01 3.80418437e-01 4.36403835e-01 2.49704083e-01 1.81396191e-01 2.67813171e-01 6.00817748e-01 2.78001157e-01 1.74626344e-01 2.57297501e-02 5.95692071e-01 1.03551858e-01 5.01179360e-01 1.28655305e-01 1.40864120e-02
9.53079397e-01 6.11743762e-01 6.23069534e-01 8.35719261e-01 1.53249234e-01 8.72125936e-01 9.01085668e-01 8.41020262e-01 5.50059119e-01 1.11658149e-02 2.09441920e-01 2.05321986e-02 1.13755084e-01 9.10441185e-01 8.66440886e-02 1.42744124e-01 4.34770740e-01 6.47948266e-01 3.11389540e-01 7.46484064e-01
6.87382486e-01 7.31869001e-01 1.02554882e-01 9.91513410e-01 5.26241499e-01 3.21737934e-01 6.25760079e-01 1.72385816e-01 6.39567907e-01 8.57082928e-01 8.93146601e-01 9.09490591e-01 5.82882031e-01 4.72891409e-01 4.44572985e-01 1.32748473e-01 1.01105237e-01 4.80801298e-01 6.22670725e-01 8.51431605e-01
6.30104461e-01 7.13433520e-01 8.57765052e-01 8.74217598e-01 2.46052446e-01 8.31059106e-01 9.23408139e-01 8.77418662e-01 8.61652838e-01 5.49246531e-01 9.66692515e-02 3.96626929e-01 6.90204547e-01 5.26782481e-01 2.41463834e-01 4.60202918e-01 7.82529863e-01 8.33023030e-01 1.80392236e-01 8.48919728e-01
6.49336843e-01 5.66680438e-01 3.96974449e-01 7.85414430e-01 4.01848610e-01 1.37014084e-01 6.75073640e-01 3.16403306e-01 7.56325265e-01 1.15494980e-01 2.13865892e-01 7.89430428e-01 8.02358073e-01 4.61131305e-01 4.57790386e-01 5.21938926e-01 1.19194370e-01 8.98269687e-01 4.21917119e-01 8.61799133e-01
2.94472660e-01 7.50494857e-01 9.33581380e-01 5.75609221e-01 4.40241713e-01 8.22724432e-01 2.08083750e-01 4.22797367e-01 9.89112767e-01 7.77134618e-01 4.31079436e-01 4.24390369e-01 2.50339150e-01 9.37625129e-01 9.53330577e-01 6.56197444e-02 9.79000535e-01 3.72405108e-01 5.03464625e-02 4.67607214e-01
6.63050716e-02 4.08827600e-01 6.15545918e-01 8.66064239e-01 8.36750041e-01 3.72110660e-03 5.65403950e-01 7.89730829e-01 2.18399322e-01 6.82861294e-01 7.41374004e-02 2.55283917e-01 7.15922745e-01 6.30640264e-01 2.52298256e-01 4.21205136e-02 5.99539882e-01 2.97969593e-01 3.31850480e-01 6.67979306e-01
3.32789246e-01 3.81918485e-01 3.08583695e-01 5.15664463e-01 1.68675498e-01 8.47479085e-02 1.43655859e-01 7.01150672e-01 5.92116131e-01 3.83046684e-01 7.70549074e-01 6.73185147e-01 1.77557904e-01 3.40270146e-01 2.34763475e-01 5.94098591e-01 1.50682241e-01 5.82330784e-01 3.18727053e-01 9.13480134e-01
8.74648614e-01 5.05679600e-01 8.26120923e-01 8.64012618e-01 6.03859183e-01 3.58587456e-01 9.19429788e-02 2.52079913e-01 1.42285580e-01 3.08785307e-01 5.61466182e-01 2.07223971e-01 5.35199434e-01 8.12145801e-01 7.82074716e-01 1.87585311e-01 6.01005090e-01 1.30321782e-01 3.71955113e-02 4.16224563e-01
1.55682635e-01 6.16428105e-01 4.68113704e-01 9.02303755e-01 5.17942013e-01 2.86906476e-01 8.83176774e-01 9.34281888e-01 8.72903654e-01 9.83588976e-01 2.04690409e-02 1.25893031e-01 9.52232040e-01 8.13429060e-01 4.03441574e-01 5.72016637e-01 9.35710966e-01 1.83075556e-01 6.60899984e-01 9.98685892e-01
4.39471723e-01 7.68568447e-01 6.01355514e-01 1.63151519e-01 5.21513953e-01 3.09648081e-02 5.52953787e-01 1.60638390e-01 1.39345285e-01 8.03897939e-01 5.22747004e-01 4.18526985e-01 5.96991056e-01 8.12929233e-01 8.20366895e-01 1.16173036e-01 7.77969859e-01 2.41502180e-01 9.91788711e-01 1.66005327e-01
5.39482580e-01 3.21544081e-01 3.12504535e-01 8.44041578e-01 6.90516399e-02 9.80618046e-01 8.23765820e-01 7.76286526e-01 3.54063792e-01 7.43373518e-01 6.37180086e-01 2.35242005e-01 8.32068676e-02 5.97205766e-01 2.90169908e-02 4.42586572e-01 7.51581361e-01 8.84060840e-01 3.14693151e-01 2.04664562e-01
6.29107030e-01 6.99756333e-01 7.97704711e-01 8.46335167e-01 2.26690549e-01 1.66060991e-01 4.11213081e-01 1.13173088e-01 3.66994436e-01 3.14087331e-01 7.26252823e-01 5.40073300e-01 4.28852748e-01 9.77252431e-01 2.01781748e-01 1.68527001e-01 9.14204471e-01 2.66866091e-01 2.25372951e-01 7.30977890e-01
3.20383026e-01 2.41136429e-01 3.33686723e-01 2.60681643e-01 4.95697418e-01 2.33611752e-01 7.65194057e-01 6.88565351e-01 9.88105216e-02 1.11740832e-01 2.06802934e-01 3.33567136e-01 6.74150754e-01 7.37752354e-01 6.27459412e-01 8.19641943e-01 5.35985247e-01 9.20371746e-01 3.88363213e-01 8.82814834e-01
2.77800920e-01 8.14205107e-02 3.17182858e-02 1.26576793e-01 3.41147496e-01 3.52586606e-01 1.39703117e-01 2.63254269e-02 6.75751883e-01 1.46759649e-01 2.23734907e-01 2.21885255e-01 3.15547044e-01 1.38993740e-01 8.21501773e-01 4.05435044e-01 3.85173225e-01 1.16486526e-01 7.31080250e-02 9.04609016e-01
8.79087913e-01 4.45176939e-01 3.66468871e-02 3.86098922e-01 4.49641932e-01 6.66180852e-02 9.30743512e-01 7.57509084e-01 3.64949373e-01 5.83400681e-01 8.69584830e-01 8.33851483e-01 2.32693254e-01 5.59841521e-01 8.46591078e-01 4.60315014e-01 2.56174482e-01 4.89640632e-02 3.18033642e-01 9.61708205e-01
2.26447244e-01 1.92970642e-01 3.32604594e-01 2.45566092e-01 4.82508306e-01 5.94768097e-05 7.33356901e-01 7.42120557e-01 2.58675548e-01 3.13087837e-01 5.66526864e-01 8.94524734e-01 2.01016515e-02 6.80547324e-01 8.89726109e-01 1.76915302e-01 9.09771561e-01 6.82231908e-02 7.51723982e-02 5.85090738e-03
