6.55189942e-02 5.21531161e-01 7.79348096e-01 3.98530821e-01 1.55684557e-01 8.14845370e-01 2.35393018e-01 4.52249284e-01 8.95963983e-01 3.10618035e-01 7.38238832e-01 1.28353081e-01 3.31169359e-01 5.21045322e-01 9.21039295e-01 8.83386447e-01 2.84593667e-02 1.35612368e-01 3.61027517e-01 5.28676842e-01
5.70941612e-01 7.36002804e-01 1.21459312e-01 9.72716848e-01 1.55294231e-01 8.85364346e-01 4.73180206e-01 9.11920932e-01 3.10675133e-01 9.94239025e-01 2.45070154e-01 9.52647341e-01 5.33575732e-01 4.56043773e-01 5.37371626e-01 9.38707294e-01 7.26496200e-01 3.72956730e-01 7.86661288e-01 6.94871251e-01
4.01724683e-01 1.64305894e-01 3.70142028e-02 2.40799170e-01 4.50202547e-01 9.15695064e-01 7.12343462e-01 6.07559579e-01 4.75863881e-01 1.22183384e-01 8.79580949e-01 3.89301873e-01 5.40648924e-01 4.17857655e-01 8.65164067e-01 3.80873969e-01 7.10478977e-01 7.19982027e-01 1.58251543e-01 6.80051673e-01
4.60431577e-01 1.83822744e-03 7.33142407e-01 8.63443369e-01 5.21777756e-01 2.73018356e-02 5.28272288e-01 5.40986574e-01 6.55471460e-01 2.33328385e-02 1.90679005e-01 6.52480216e-01 5.96769203e-01 4.57799698e-01 4.87778477e-01 9.93272478e-01 1.12802783e-01 1.70766099e-01 5.27346898e-01 3.43464496e-01
8.02100289e-01 6.67172694e-01 1.92901433e-01 2.31912324e-01 5.98352799e-01 2.23753526e-03 2.82022671e-01 8.59175711e-01 2.23230742e-01 1.72070985e-02 5.77968006e-01 6.89486316e-01 8.36829550e-01 9.20723791e-02 7.86304199e-01 4.27276935e-01 6.29076960e-01 8.92393079e-01 9.45292907e-01 9.83767791e-01
3.79629483e-01 4.84139639e-01 3.50689594e-01 3.00726266e-01 4.48420303e-01 2.13146578e-01 9.45514698e-01 1.51503262e-01 2.42184063e-01 3.25269781e-01 1.12965874e-01 5.43748074e-01 5.01486373e-02 3.95334464e-01 6.70151878e-01 6.36724255e-01 4.49445926e-01 7.23704201e-02 9.96833918e-01 1.63978377e-01
5.98936082e-01 1.24984255e-01 6.96540999e-01 8.41780808e-01 8.52584679e-01 5.79018430e-01 7.47992797e-01 8.59630931e-01 7.66546983e-01 7.40113622e-01 5.59674939e-01 9.61009188e-01 6.68204141e-01 1.60004402e-01 5.28536631e-01 2.60187870e-01 4.47633269e-01 9.26682602e-01 1.09538302e-01 6.90846394e-01
3.96837746e-01 1.93495533e-01 1.95349709e-02 4.58611949e-01 6.10149441e-01 1.12218944e-01 8.22845528e-02 4.76521184e-01 4.86636073e-01 1.74968515e-01 3.78471416e-01 8.11396413e-01 4.84539925e-01 2.48757489e-01 1.11426897e-01 6.04138513e-01 9.38533877e-01 3.65109787e-01 3.14782200e-01 6.88821795e-01
8.50036280e-01 3.81651335e-01 1.83762686e-01 1.86106223e-01 4.71158474e-01 2.67827942e-02 6.65280768e-02 3.68756666e-02 4.17459366e-01 2.78615624e-01 5.15730430e-01 5.25994180e-01 9.63817074e-01 8.62888669e-01 8.87790390e-01 6.61338694e-01 2.25946278e-01 2.02629927e-01 1.62398812e-01 8.62275646e-01
2.82902528e-01 3.36647364e-01 7.52895731e-01 2.76414327e-01 3.69202851e-01 1.51454194e-01 4.71963704e-01 2.76403314e-01 8.92729370e-01 7.84414630e-01 6.70916528e-01 9.18294294e-01 6.51510969e-01 2.44230299e-01 5.60694478e-01 9.19016840e-01 5.89146473e-01 1.64276159e-01 3.80262597e-01 1.65705810e-01
4.94180598e-01 8.23178124e-01 2.67429772e-01 8.95770124e-01 1.00854343e-01 6.66610275e-01 1.43017014e-01 3.86781580e-01 5.97794000e-02 5.69176842e-01 6.11529430e-01 3.80070174e-01 7.10235543e-01 5.76659576e-01 2.36007308e-01 9.77914882e-01 1.32609657e-01 3.83299972e-01 5.95913527e-01 1.95942077e-01
6.20114452e-01 3.16852647e-01 1.19435240e-02 5.31689716e-01 8.70388708e-01 7.53158042e-01 9.06903238e-01 1.74969644e-01 8.37826754e-01 3.69347841e-01 5.04151036e-01 3.33790452e-01 4.01227362e-01 3.95866537e-01 5.30285029e-01 4.36442607e-01 7.64862286e-01 9.95060490e-02 6.46043609e-01 2.12511887e-01
9.96509814e-01 8.81450883e-01 5.73166298e-01 7.26664198e-01 1.84978724e-01 1.50886904e-01 9.40696803e-01 3.65087247e-01 8.52451417e-01 9.56801761e-01 5.61055375e-01 4.08196813e-01 1.64194475e-01 6.94463745e-01 1.30380395e-01 4.40802980e-01 5.17507025e-01 7.58490154e-01 8.63379587e-01 9.73773166e-01
4.96218554e-01 6.56878506e-01 8.57017090e-01 9.86381770e-01 7.86548435e-01 6.44838168e-01 1.99777134e-01 9.52141477e-01 1.38576294e-01 9.73433295e-01 3.82405722e-01 3.09112050e-01 1.50300959e-01 4.47179724e-01 4.52462648e-01 9.53606866e-01 9.61766884e-01 5.58382816e-01 9.89523751e-01 1.39631256e-01
6.78068809e-01 1.71183854e-01 5.05415822e-01 7.30903464e-01 3.37429904e-01 9.71793752e-01 7.02467945e-01 3.23012363e-01 7.82710257e-01 9.67107733e-01 8.57649132e-01 3.88955737e-01 4.79592401e-01 4.72252183e-01 1.12076304e-01 5.72596806e-01 9.10608043e-01 1.54560933e-01 6.37442808e-01 4.45762190e-01
9.19805645e-01 2.20768872e-01 9.50878285e-02 9.55767441e-01 7.23376044e-01 8.74289747e-01 4.20021731e-01 3.96131709e-02 4.92871657e-01 8.40660269e-01 2.22408218e-01 6.32867792e-01 9.45137861e-01 3.57084974e-01 6.89678992e-01 7.56166987e-01 9.40105236e-01 2.34899290e-01 1.99574745e-01 3.70427963e-01
4.79595235e-01 4.92204192e-02 6.04390594e-01 6.99632956e-01 4.97565436e-01 4.65366946e-01 8.65531848e-01 1.10112351e-01 4.80362061e-01 9.82058704e-01 3.45435717e-01 2.68118876e-01 7.67456819e-01 6.74126507e-01 9.54732590e-01 7.84535490e-01 4.05307645e-01 5.88108704e-01 5.11584879e-01 3.10111795e-01
9.20037926e-01 5.03676884e-01 1.67412066e-01 7.99925452e-01 7.48680951e-01 6.70379152e-01 2.65078715e-01 5.85823799e-01 1.06603480e-01 9.11092605e-01 3.89257869e-01 9.95576102e-01 8.62439582e-01 2.70980264e-01 9.34381490e-01 2.98225107e-01 2.95751686e-01 4.79533987e-01 8.22565140e-01 4.72254990e-01
6.33466708e-02 6.69220783e-03 8.47565033e-01 8.95652154e-01 2.86149691e-01 4.36425893e-01 4.35020076e-01 6.61301758e-01 4.26353870e-02 9.92892034e-01 3.83968307e-01 9.90322350e-01 3.78636198e-01 7.06563140e-01 3.36090709e-02 7.94663187e-01 2.21943185e-01 9.75922325e-01 8.45605735e-01 8.12288845e-02
7.33504126e-01 9.51935177e-01 5.28032364e-01 1.55960197e-01 5.65639533e-01 5.29123559e-01 9.97498402e-01 2.87977594e-01 9.59608763e-01 9.87811458e-01 5.95240674e-01 2.25781360e-01 3.89770475e-01 6.68398143e-01 1.71432880e-01 9.35002690e-01 3.31195967e-01 7.38092712e-02 8.02631397e-01 8.49644647e-01